车道数（lanes） 道路类型（road_type） 道路属性（road_relationship） 车流量(traffic_flow) 与充电桩的距离(charge_station) 充电功率(power)（快充慢充） 充电桩的个数(charge_stations) 充电桩的价格(Charging price)
2 10 1 0.3305747504307506 0.7779469579286505 2 9 2.131234957161138
4 8 0 0.72494377491123 0.47885603042013214 0 1 2.8038083418958406
2 5 1 0.26493042353054663 0.22054119268511208 0 2 1.5166093836626575
3 8 0.4991158989803145 0.6761295648582076 0.9067293585659807 0 8 2.683604200613903
4 3 0 0.7662067401259451 0.803583663514671 0 1 1.1929810055248828
4 3 0.35605893869041894 0.48334484380696485 0.8045359252326284 1 8 2.988018011296682
2 8 1 0.9994788685757316 0.978910669774134 1 9 2.0654775938190246
4 8 0.42992523819906964 0.24489472943628554 0.14729331074774799 0 7 1.4678533993965486
5 5 0.4576768358227201 0.28371410548100073 0.3618859457310055 0 10 2.179724597733288
3 8 1 0.6724148825824284 0.8956524404067363 0 1 2.0532732571111216
3 10 0.4010430493975782 0.9582606086912682 0.08246995679564495 1 2 2.353158509405461
4 3 1 0.7417341547005021 0.10617259056017925 2 0 2.0217933123319876
4 8 0 0.5061219749341894 0.2405679635179201 2 0 2.0522531799338486
3 10 0.36878589162548087 0.28837253611030356 0.3100329488591297 1 0 1.8048222573264685
2 10 0 0.23648548758312715 0.3009281797686211 1 2 2.0975585723078183
3 10 1 0.6741792680454444 0.5144013660400301 1 7 2.4097634161738064
5 10 1 0.8025061610710754 0.8992430077714058 1 3 2.844985370635177
5 3 0.4317908034151053 0.6236037119746624 0.0197931013806546 1 0 2.4800372153677595
2 5 0 0.7658492579104598 0.46005882197585257 0 6 1.9894493127666064
2 3 0 0.23063397977137667 0.7670491897086339 2 0 1.7886434997617844
4 8 0.34758988673176 0.8706772046639554 0.653014115151068 2 7 2.121748097419199
5 8 0.3490948292398025 0.2829279871180942 0.21950225705031712 2 1 1.562510528096846
4 10 0 0.8792885239152464 0.7647561605965868 0 0 1.6557389120443935
5 3 0.4605438227407042 0.4027429288729403 0.49435035203545985 1 0 2.837264714361991
5 8 0.46789090865739535 0.8094581711792717 0.4794188300495704 1 6 2.423891645625567
2 3 0 0.20139036614298278 0.2984348824676376 2 6 1.662169261531772
5 8 0.3523326719468192 0.4340160020613617 0.4544282604623051 1 0 2.1381316642624855
2 5 1 0.2753213240511626 0.4703746671443573 0 3 1.838295113226053
2 10 0.4127632380998579 0.09178549335956088 0.24293447792949752 0 9 2.965601299541474
5 5 1 0.48645225814377624 0.23706825711779445 0 10 1.156756863485776
4 10 0.36969231301407784 0.6498474277324631 0.4958107268172325 0 3 1.9655211493518336
2 10 1 0.18889511098366607 0.509982679917856 2 6 1.5956372260344307
4 8 1 0.16746779982097215 0.17477844508530882 2 3 2.331969207588896
5 5 1 0.04365098494641673 0.8116994442492159 1 1 2.0510791225199254
5 5 1 0.5218634443307165 0.012649052413917006 1 6 1.2566247414831924
4 3 0.36383576832811054 0.5678388487403334 0.7492598566909298 2 3 1.2353260295920452
3 10 0 0.8050131823595569 0.5354321803085405 2 4 2.369818754750621
5 10 0 0.24201102576270606 0.007107614002840101 0 4 2.5664909757398626
2 3 0 0.7531742645045565 0.7976810385363039 2 7 1.0784122459286736
3 10 0 0.48751961660848164 0.5731536695955464 2 2 2.8660986840672775
3 3 0.43303332631832636 0.705088138721117 0.6424822588435097 1 5 1.1701595114841667
5 3 0.3575925397528519 0.49173082898385834 0.353483818018849 2 0 2.701699950427506
2 10 0.4057196683930797 0.5592996860286781 0.8381449004475503 1 0 2.247414727688702
5 5 1 0.9916641064513777 0.6117181094285168 1 9 2.2469836760436186
4 3 0.42239229710969906 0.9898588007661236 0.3893233485953628 1 0 2.476264230860414
5 5 0 0.9025492470196529 0.3494899236220893 0 5 1.0967735477875937
2 8 0 0.4453021406677161 0.14727838085058909 1 4 1.6980826870122452
4 3 1 0.9933236116796151 0.1773710888988398 2 7 2.412716568405279
5 3 0.4891470344252926 0.41858102906631445 0.6732672108677449 1 3 1.2730361270907864
5 3 0 0.7093444661492787 0.8491148031836573 0 5 1.6006113307275156
4 3 0 0.9475336203975602 0.2991262130591702 1 0 1.5168001772649362
4 10 0 0.6404577172651202 0.39897826851282814 2 10 1.9364301902476877
2 8 0 0.3444170096484742 0.8855075826684298 1 1 1.0316472166388313
3 5 0.40880079815919534 0.6830126494443565 0.15774177322071303 2 4 2.980141958569857
2 5 1 0.6963547743794799 0.8980596632898701 2 6 2.7399277106952997
5 8 0.41553330857324017 0.9695085876918927 0.2147732381929225 1 4 1.4741358083989378
2 5 0 0.8250916578465011 0.9134147280393463 0 2 1.5831239393082197
5 8 1 0.7636035264455865 0.5457392632669807 0 4 1.3861646240674366
2 10 1 0.18063290487673644 0.9434058642273442 2 4 2.400770098003423
2 3 1 0.33078980068189434 0.11248874251647312 1 2 1.872142289340099
5 5 0.4312115691072458 0.22509472257780927 0.40059354119178514 0 5 1.4184629815583538
2 3 0 0.6970357071459667 0.007722626836557556 0 0 2.2338651206856657
4 5 0 0.37735527951408454 0.1301668764872328 2 1 2.745929061260039
5 10 0 0.9029145457444279 0.10134155943027712 0 9 1.4058148898170453
4 5 1 0.06880331008379781 0.4875239055432281 0 3 1.9469140558157927
3 5 1 0.10707847001538717 0.13561005451778685 0 1 1.5413317896587133
2 5 1 0.45970032619257406 0.23656845002158755 2 7 2.558306491672611
2 10 0 0.5755455383236171 0.15734553237745597 0 4 2.314221914231541
3 3 0 0.21045355895380857 0.8153755402327701 2 7 1.7140728894285167
4 5 1 0.4567250188274813 0.7362702557646122 0 10 1.5882497103219182
2 5 0.412556774181694 0.5189665582913968 0.17882474099966206 0 1 2.5645156220131162
